 # R_beg, r,  q, psi_pol, psi_tor
   0.0000000000000000        0.0000000000000000       -1.1379125258699523        0.0000000000000000        0.0000000000000000     
  0.21438537236267285       0.18510497640205567       -1.1379120169129415        259.41510911683145       -295.19160990293580     
  0.42877074471569077       0.37009392589229539       -1.1379105004706560        1037.0129271101032       -1180.0285724850419     
  0.64315611706717224       0.55496742164896506       -1.1379079639533984        2331.8308989173383       -2653.4123965796471     
  0.85754148942358199       0.73972598289050828       -1.1379043947714709        4142.9179831291112       -4714.2555535797119     
   1.0719268617782503       0.92437012091072979       -1.1378997853023372        6469.3345266029792       -7361.4813241257689     
   1.2863122341429818        1.1089003405316482       -1.1378941313599980        9310.1521373526630       -10594.023653624967     
   1.5006976064781374        1.2933171383584134       -1.1378874310538394        12664.453554744498       -14410.827011411504     
   1.7150829788467630        1.4776210064976840       -1.1378796842897005        16531.332522291763       -18810.846254289729     
   1.9294683512009139        1.6618124280354951       -1.1378708924495347        20909.893654708620       -23793.046493128695     
   2.1438537235021706        1.8458918800631914       -1.1378610581347515        25799.252310611642       -29356.402962276516     
   2.3582390958426682        2.0298598351463935       -1.1378501849333327        31198.534468300684       -35499.900892803656     
   2.5726244681512123        2.2137167572237852       -1.1378382772006010        37106.876593297748       -42222.535389665085     
   2.7870098404636643        2.3974631056478275       -1.1378253398524043        43523.425521805213       -49523.311312577003     
   3.0013952127888524        2.5810993334120838       -1.1378113781678210        50447.338337558554       -57401.243159036021     
   3.2157805851475278        2.7646258878683674       -1.1377963976012384        57877.782256564460       -65855.354954171315     
   3.4301659575015702        2.9480432101935206       -1.1377804036066093        65813.934512241205       -74884.680141359262     
   3.6445513296681855        3.1313517349444284       -1.1377634014738858        74254.982243393781       -84488.261475036983     
   3.8589367019463343        3.3145518956342950       -1.1377453961751678        83200.122416330822       -94665.150928147719     
   4.0733220743790479        3.4976441180864826       -1.1377263922294376        92648.561699176542       -105414.40958413908     
   4.2877074466569898        3.6806288207016387       -1.1377063935724068        102599.51636163300       -116735.10755261758     
   4.5020928189900955        3.8635064209745602       -1.1376854033648882        113052.21222725854       -128626.32387384876     
   4.7164781913268792        4.0462773298260597       -1.1376634235259939        124005.88456061989       -141087.14643687336     
   4.9308635635766871        4.2289419537885342       -1.1376404544507401        135459.77802678477       -154116.67191544536     
   5.1452489358570945        4.4115006972811184       -1.1376164949923406        147413.14668082603       -167714.00574048969     
   5.3596343081491051        4.5939539607695590       -1.1375915425248710        159865.25392883597       -181878.26205618677     
   5.5740196804483109        4.7763021421182703       -1.1375655929475224        172815.37251386436       -196608.56368249434     
   5.7884050527590167        4.9585456367334197       -1.1375386406388437        186262.78449260295       -211904.04207073510     
   6.0027904250470252        5.1406848373581147       -1.1375106785476903        200206.78120743847       -227763.83725027274     
   6.2171757973346207        5.3227201346446114       -1.1374816983558362        214646.66326533011       -244187.09777914241     
   6.4315611696623742        5.5046519167952797       -1.1374516906679406        229581.74050589517       -261172.98067741803     
   6.6459465420173514        5.6864805692003477       -1.1374206453936564        245011.33196344535       -278720.65137081279     
   6.8603319143502404        5.8682064744949356       -1.1373885526735934        260934.76583133361       -296829.28362811683     
   7.0747172866517003        6.0498300131079574       -1.1373554036318445        277351.37942742475       -315498.05952710367     
   7.2891026588856889        6.2313515629217591       -1.1373211913020178        294260.51914518472       -334726.16940122430     
   7.5034880311883789        6.4127715005201678       -1.1372859120077194        311661.54042148212       -354512.81183641928     
   7.7178734034919012        6.5940901999494637       -1.1372495660500157        329553.80765403027       -374857.19366307679     
   7.9322587756858232        6.7753080340287744       -1.1372121579444248        347936.69415578624       -395758.52998395648     
   8.1466441476856399        6.9564253749060647       -1.1371736964891115        366809.58209854725       -417216.04418357293     
   8.3610295193675732        7.1374425943560302       -1.1371341947462801        386171.86244043865       -439228.96796759363     
   8.5754148911886752        7.3183600662454813       -1.1370936699920695        406022.93491185841       -461796.54138988914     
   8.7898002629503100        7.4991781624858218       -1.1370521436406686        426362.20782672538       -484918.01288844110     
   9.0041856349150997        7.6798972573202899       -1.1370096411760147        447189.09810324060       -508592.63932640618     
   9.2185710073586105        7.8605177259680001       -1.1369661922833427        468503.03113763285       -532819.68603084644     
   9.4329563799567886        8.0410399431031401       -1.1369218315306686        490303.44064973359       -557598.42685248377     
   9.6473417526866392        8.2214642860108640       -1.1368765988419978        512589.76864481909       -582928.14420545870     
   9.8617271249517451        8.4017911309928017       -1.1368305396178824        535361.46505371598       -608808.12895947346     
   10.076112497785742        8.5820208588201332       -1.1367837047403475        558617.98759921780       -635237.68026318983     
   10.290497870170300        8.7621538422207195       -1.1367361507514528        582358.80102531216       -662216.10531504627     
   10.504883242772694        8.9421904562038463       -1.1366879404480239        606583.37712290068       -689742.71920802514     
   10.719268615093766        9.1221310691112389       -1.1366391431628997        631291.19403821626       -717816.84477654891     
   10.933653987572919        9.3019760481927634       -1.1365898347935270        656481.73612904013       -746437.81246915867     
   11.148039360077227        9.4817257549557112       -1.1365400977064390        682154.49341000803       -775604.96022066521     
   11.362424732861816        9.6613805475408387       -1.1364900205917001        708308.96127892635       -805317.63333614834     
   11.576810105190701        9.8409407771091892       -1.1364396982716556        734944.63995931717       -835575.18439921853     
   11.791195477562518        10.020406793317653       -1.1363892315076634        762061.03438045015       -866376.97315801121     
   12.005580849918319        10.199778939584736       -1.1363387267780771        789657.65356115741       -897722.36642353004     
   12.219966222302254        10.379057554816347       -1.1362882960591778        817734.01028861408       -929610.73798558477     
   12.434351594738985        10.558242972950252       -1.1362380566053136        846289.62069545011       -962041.46850242803     
   12.648736966934042        10.737335522017325       -1.1361881307313917        875324.00380530674       -995013.94537197496     
   12.863122339207465        10.916335526910874       -1.1361386455865912        904836.68123944220       -1028527.5627320716     
   13.077507711438779        11.095243305998499       -1.1360897329665605        934827.17664901563       -1062581.7212184551     
   13.291893083685490        11.274059173023598       -1.1360415291420212        965295.01536628068       -1097175.8279375923     
   13.506278455996405        11.452783436452137       -1.1359941746998272        996239.72394000995       -1132309.2963334408     
   13.720663828370077        11.631416399269838       -1.1359478143719706        1027660.8296827495       -1167981.5460600741     
   13.935049200804031        11.809958358986114       -1.1359025969239633        1059557.8602238558       -1204192.0028540001     
   14.149434573145641        11.988409607365982       -1.1358586752283200        1091930.3430256452       -1240940.0984256312     
   14.363819945480383        12.166770431006892       -1.1358162061742048        1124777.8049720374       -1278225.2703022338     
   14.578205317870797        12.345041110591701       -1.1357753504398838        1158099.7718149349       -1316046.9616650499     
   14.792590690016445        12.523221919119443       -1.1357362723110509        1191895.7674764865       -1354404.6210058294     
   15.006976062298083        12.701313123162763       -1.1356991395376730        1226165.3135105178       -1393297.7018089020     
   15.221361434992307        12.879314979908960       -1.1356641233361706        1260907.9282813726       -1432725.6621401277     
   15.435746807141662        13.057227734165181       -1.1356313984360260        1296123.1260816217       -1472687.9643071652     
   15.650132179430081        13.235051623459954       -1.1356011430685136        1331810.4169127799       -1513184.0746025296     
   15.864517551746129        13.412786872389788       -1.1355735389344994        1367969.3054093777       -1554213.4629532963     
   16.078902924053434        13.590433693952379       -1.1355487711846453        1404599.2903070357       -1595775.6026886278     
   16.293288296345150        13.767992289014479       -1.1355270284214951        1441699.8637701164       -1637869.9702969459     
   16.507673668821102        13.945462846211896       -1.1355085027299725        1479270.5107656813       -1680496.0452048639     
   16.722059041089398        14.122845540480037       -1.1354933897314932        1517310.7082731139       -1723653.3096338243     
   16.936444413396810        14.300140534892938       -1.1354818886813631        1555819.9248571701       -1767341.2484414731     
   17.150829785741006        14.477347979077164       -1.1354742025898785        1594797.6198764306       -1811559.3490328866     
   17.365215158195905        14.654468009837082       -1.1354705383806034        1634243.2429098173       -1856307.1013248516     
   17.579600530483305        14.831500750174415       -1.1354711070857124        1674156.2330510558       -1901583.9976773295     
   17.793985902746559        15.008446311146402       -1.1354761240546656        1714536.0184302919       -1947389.5330172309     
   18.008371275074417        15.185304790967090       -1.1354858091464242        1755382.0155106767       -1993723.2047757839     
   18.222756647491416        15.362076275255218       -1.1355003868951692        1796693.6284726104       -2040584.5128258443     
   18.437142020091347        15.538760837584551       -1.1355200866729123        1838470.2486283458       -2087972.9594174593     
   18.651527392676904        15.715358539095726       -1.1355451429728061        1880711.2537418541       -2135888.0490547377     
   18.865912766302156        15.891869431461055       -1.1355757963910860        1923416.0077252556       -2184329.2884493754     
   19.080298138521457        16.068293550130122       -1.1356122947859337        1966583.8590800671       -2233296.1864266316     
   19.294683510636698        16.244630926314613       -1.1356548940378501        2010214.1417157694       -2282788.2539103399     
   19.509068882703694        16.420881578895873       -1.1357038587433086        2054306.1730374948       -2332805.0034876745     
   19.723454254896797        16.597045513888453       -1.1357594634361294        2098859.2526362352       -2383345.9482768415     
   19.937839627069248        16.773122720365560       -1.1358219937406033        2143872.6603737492       -2434410.6004502834     
   20.152224999290706        16.949113168690420       -1.1358917479180437        2189345.6546463110       -2485998.4698584755     
   20.366610371247688        17.125016807113038       -1.1359690383423489        2235277.4703927999       -2538109.0625425754     
   20.580995743317864        17.300833561588792       -1.1360541923502767        2281667.3174405554       -2590741.8794107307     
   20.795381115344792        17.476563332044464       -1.1361475528903469        2328514.3783408557       -2643896.4151010844     
   21.009766487707864        17.652205992590812       -1.1362494790449758        2375817.8066779939       -2697572.1572027681     
   21.224151860036148        17.827761388044756       -1.1363603464465764        2423576.7248447952       -2751768.5854469007     
   21.438537232123675        18.003229334379544       -1.1364805477716569        2471790.2222793349       -2806485.1711770752     
   21.652922604262756        18.178609618275559       -1.1366104940442643        2520457.3535608998       -2861721.3768861233     
   21.867307976584133        18.353901995344735       -1.1367506158348992        2569577.1362622804       -2917476.6558477450     
   22.081693348834460        18.529106189321656       -1.1369013638911791        2619148.5488765719       -2973750.4519497352     
   22.296078721197134        18.704221893012175       -1.1370632094825628        2669170.5289678038       -3030542.1997550786     
   22.510464093926679        18.879248767458446       -1.1372366445941127        2719641.9710344207       -3087851.3246531775     
   22.724849466735822        19.054186440675998       -1.1374221820210897        2770561.7242933810       -3145677.2431242042     
   22.939234839247110        19.229034508310789       -1.1376203553481739        2821928.5906983754       -3204019.3632781850     
   23.153620211233267        19.403792533738969       -1.1378317186921891        2873741.3228996107       -3262877.0849711057     
   23.368005583577663        19.578460049521954       -1.1380568461634877        2925998.6223717551       -3322249.7995122741     
   23.582390956935757        19.753036554996161       -1.1382963312288348        2978699.1369770817       -3382136.8888776652     
   23.796776329602146        19.927521512591102       -1.1385507859990933        3031841.4583071475       -3442537.7246665801     
   24.011161701725204        20.101914354330301       -1.1388208403518632        3085424.1205864269       -3503451.6676873476     
   24.225547073293949        20.276214478425828       -1.1391071409838183        3139445.5980564980       -3564878.0667057638     
   24.439932447154103        20.450421253179144       -1.1394103503826798        3193904.3037088634       -3626816.2574546663     
   24.654317819705646        20.624534005205838       -1.1397311457289832        3248798.5850566914       -3689265.5610120851     
   24.868703191745428        20.798552033588638       -1.1400702177634852        3304126.7251025550       -3752225.2828622526     
   25.083088563637485        20.972474605114346       -1.1404282693713357        3359886.9394086259       -3815694.7114704754     
   25.297473934720344        21.146300953268604       -1.1408060141238348        3416077.3742871983       -3879673.1168021522     
   25.511859306703212        21.320030284276505       -1.1412041752224962        3472696.1061073281       -3944159.7505011205     
   25.726244679196220        21.493661770785785       -1.1416234846621214        3529741.1386083434       -4009153.8454765538     
   25.940630051539060        21.667194555155675       -1.1420646820088263        3587210.4019229305       -4074654.6163548273     
   26.155015424502981        21.840627752324199       -1.1425285128250355        3645101.7516569798       -4140661.2601035442     
   26.369400797155190        22.013960445790953       -1.1430157275116632        3703412.9667388722       -4207172.9563073376     
   26.583786169892345        22.187191692127133       -1.1435270804036768        3762141.7489984431       -4274188.8682211312     
   26.798171542804710        22.360320518993788       -1.1440633290780451        3821285.7215594943       -4341708.1435991982     
   27.012556914974500        22.533345924456313       -1.1446252338010585        3880842.4275445906       -4409729.9158362513     
   27.226942286155225        22.706266879557951       -1.1452135570651034        3940809.3295109626       -4478253.3054455398     
   27.441327656915661        22.879082328352556       -1.1458290629422898        4001183.8085423587       -4547277.4202735089     
   27.655713028169718        23.051791187756706       -1.1464725162303380        4061963.1632377831       -4616801.3547067279     
   27.870098399968139        23.224392345968642       -1.1471446816040389        4123144.6085527660       -4686824.1882595401     
   28.084483773111579        23.396884664984654       -1.1478463227958318        4184725.2755086333       -4757344.9843342593     
   28.298869149357291        23.569266980346473       -1.1485782017228341        4246702.2105793199       -4828362.7882779008     
   28.513254523745871        23.741538093569755       -1.1493410769829844        4309072.3728468027       -4899876.6251657801     
   28.727639896578417        23.913696784332608       -1.1501357023371976        4371832.6369080199       -4971885.4975934383     
   28.942025268085857        24.085741805248087       -1.1509628255190745        4434979.7908622874       -5044388.3827801682     
   29.156410639985321        24.257671883879294       -1.1518231869532669        4498510.5364093743       -5117384.2299313303     
   29.370796013480039        24.429485721397473       -1.1527175184526206        4562421.4884493155       -5190871.9592166496     
   29.585181389372021        24.601181994653341       -1.1536465427165203        4626709.1758722551       -5264850.4630213454     
   29.799566764029287        24.772759352239099       -1.1546109732749481        4691370.0411780709       -5339318.6069176812     
   30.013952135264333        24.944216426377562       -1.1556115145149504        4756400.4430588344       -5414275.2334205704     
   30.228337505718400        25.115551836992410       -1.1566488615142378        4821796.6582686137       -5489719.1640737150     
   30.442722878502487        25.286764186465739       -1.1577237001171570        4887554.8811351713       -5565649.2013501218     
   30.657108252295970        25.457852055633104       -1.1588367072582333        4953671.2228494817       -5642064.1312856078     
   30.871493625509792        25.628814011969343       -1.1599885514336239        5020141.7135154856       -5718962.7279323023     
   31.085878996897158        25.799648605765075       -1.1611798933015058        5086962.3031229032       -5796343.7544148080     
   31.300264369448399        25.970354377088359       -1.1624113857229357        5154128.8635495482       -5874205.9641409786     
   31.514649742644860        26.140929847779805       -1.1636836737311456        5221637.1869182745       -5952548.0999337463     
   31.729035116326276        26.311373525591364       -1.1649973945449941        5289482.9875574764       -6031368.8933607349     
   31.943420483148120        26.481683895542492       -1.1663531776126101        5357661.9003548846       -6110667.0628096834     
   32.157805847823724        26.651859441186240       -1.1677516444821270        5426169.4876162894       -6190441.3138515558     
   32.372191226387635        26.821898641637510       -1.1691934085281603        5495001.2396655204       -6270690.3368805489     
   32.586576609737882        26.991799931725417       -1.1706790747278619        5564152.5638813404       -6351412.8019632883     
   32.800961987349801        27.161561728472645       -1.1722092394373913        5633618.7929489138       -6432607.3586527305     
   33.015347361266009        27.331182443656015       -1.1737844903885317        5703395.1901490130       -6514272.6348246280     
   33.229732734194094        27.500660471246267       -1.1754054066281470        5773476.9462817935       -6596407.2332433183     
   33.444118097662873        27.669994173305920       -1.1770725583192378        5843859.1765045645       -6679009.7275474789     
   33.658503465897027        27.839181917312018       -1.1787865064034004        5914536.9321746323       -6762078.6634345753     
   33.872888844061940        28.008222040531884       -1.1805478025417793        5985505.1911997981       -6845612.5520708896     
   34.087274221982469        28.177112835981912       -1.1823569889186829        6056758.8566786405       -6929609.8629203830     
   34.301659598710465        28.345852582334850       -1.1842145980785466        6128292.7661652863       -7014069.0246589752     
   34.516044973635616        28.514439541579534       -1.1861211530747962        6200101.6901793825       -7098988.4255747302     
   34.730430338134589        28.682871942306974       -1.1880771684022389        6272180.3308471711       -7184366.4122085366     
   34.944815705765933        28.851148014554660       -1.1900831510956076        6344523.3335004961       -7270201.2980771856     
   35.159201081668279        29.019265957247381       -1.1921396018843808        6417125.2778585702       -7356491.3655595537     
   35.373586475793829        29.187223950709939       -1.1942470162684486        6489980.6838967307       -7443234.8725613644     
   35.587971860574051        29.355020108887935       -1.1964058855014965        6563083.9988170722       -7530430.0526413796     
   35.802357221332606        29.522652542089883       -1.1986166978648640        6636429.6155032637       -7618075.1325087557     
   36.016742612002574        29.690119403357603       -1.2008799399646821        6710011.8931309041       -7706168.3425096450     
   36.231127981321229        29.857418734417678       -1.2031960965729471        6783825.0989693599       -7794707.9042261792     
   36.445513376220539        30.024548630627013       -1.2055656503599568        6857863.4795221230       -7883692.0355679793     
   36.659898796264201        30.191507101826403       -1.2079890804009834        6932121.2118854122       -7973118.9264042340     
   36.874284212904541        30.358292131344001       -1.2104668613610978        7006592.4115310125       -8062986.7513467725     
   37.088669624812695        30.524901698100642       -1.2129994622170912        7081271.1527900407       -8153293.6517563881     
   37.303054977452931        30.691333691885177       -1.2155873455649022        7156151.4421655750       -8244037.7139095021     
   37.517440302209451        30.857586061869846       -1.2182309667169002        7231227.2681733491       -8335216.9785380131     
   37.731825675765684        31.023656784801048       -1.2209307731337009        7306492.5887384042       -8426829.4332291577     
   37.946211043881149        31.189543658620156       -1.2236872057052341        7381941.2705616131       -8518872.9775218535     
   38.160596354181784        31.355244463093090       -1.2265006995209426        7457567.1367305741       -8611345.4547144305     
   38.374981748847041        31.520757133459156       -1.2293716856571277        7533364.0362036387       -8704244.6742102448     
   38.589367086841740        31.686079308410083       -1.2323005901961728        7609325.6763495300       -8797568.3660320845     
   38.803752448053658        31.851208801795387       -1.2352878373821188        7685445.8023122894       -8891314.2383933812     
   39.018137824888086        32.016143287244454       -1.2383338492141298        7761718.0893686479       -8985479.9398159850     
   39.232523191361636        32.180880445427405       -1.2414390468482155        7838136.1691197092       -9080063.1119473875     
   39.446908579439487        32.345417918557217       -1.2446038510992437        7914693.6588433748       -9175061.3438332006     
   39.661293984362956        32.509753312023619       -1.2478286821993567        7991384.1299214931       -9270472.2050003074     
   39.875679417014901        32.673884219251129       -1.2511139604347479        8068201.1286401423       -9366293.2397079654     
   40.090064821048664        32.837808115392811       -1.2544601054932207        8145138.1486090878       -9462521.9406819735     
   40.304450208601857        33.001522542995261       -1.2578675370170354        8222188.6815364584       -9559155.7961321641     
   40.518835569923347        33.165024985078787       -1.2613366742491705        8299346.1870094594       -9656192.2557199411     
   40.733220887653822        33.328312884359391       -1.2648679357559416        8376604.0997413769       -9753628.7344293986     
   40.947606232763746        33.491383738178278       -1.2684617401543159        8453955.8663517572       -9851462.6235903129     
   41.161991641026347        33.654235013568858       -1.2721185038842271        8531394.9030678272       -9949691.2852678318     
   41.376376920112968        33.816863909794854       -1.2758386409866171        8608914.5280285757       -10048311.987734521     
   41.590762099820431        33.979267813860460       -1.2796225615443160        8686508.1261103228       -10147321.976498945     
   41.805147553734990        34.141444442178091       -1.2834706740873356        8764169.1956059020       -10246718.504318727     
   42.019532974862571        34.303390822518551       -1.2873833790316787        8841890.9793816172       -10346498.640983738     
   42.233918372434957        34.465104261091497       -1.2913610721202706        8919666.8279170375       -10446659.426331447     
   42.448303710418237        34.626582014603898       -1.2954041448583125        8997490.0706956442       -10547197.826613283     
   42.662689111689161        34.787821442118336       -1.2995129842142485        9075354.0925763715       -10648110.751041042     
   42.877074525557354        34.948819773163954       -1.3036879736595042        9153252.2153384127       -10749395.055613667     
   43.091459853845876        35.109574167059996       -1.3079294956016168        9231177.7456392962       -10851047.538956709     
   43.305845253640044        35.270081913073454       -1.3122379345891406        9309124.0873627197       -10953064.960401814     
   43.520230574790332        35.430340139693783       -1.3166136754110709        9387084.5394229665       -11055444.086270906     
   43.734615992193199        35.590346165449105       -1.3210571067653196        9465052.5279176887       -11158181.677807791     
   43.949001403094847        35.750097111160585       -1.3255686197683756        9543021.3892858941       -11261274.486862570     
   44.163386792610240        35.909590089788090       -1.3301486087855969        9620984.5056278389       -11364719.224121204     
   44.377772104444723        36.068822235129268       -1.3347974677480281        9698935.2601048555       -11468512.611031111     
   44.592157592324746        36.227790923286825       -1.3395155925807904        9776867.1670493111       -11572651.371132921     
   44.806542725033111        36.386492806121304       -1.3443033732860945        9854773.4762442578       -11677132.052208783     
   45.020928039145566        36.544925519956067       -1.3491612017548591        9932647.8485684805       -11781951.337372247     
   45.235313718967078        36.703086391548943       -1.3540894646452111        10010483.841854248       -11887105.794969698     
   45.449698800197226        36.860971634716094       -1.3590885387761722        10088274.624358272       -11992591.685644079     
   45.664084119130095        37.018579160129008       -1.3641588040370320        10166014.047238495       -12098405.549085604     
   45.878469847547592        37.175906270955707       -1.3693006348621364        10243695.751363557       -12204543.749661170     
   46.092855347510820        37.332949515526550       -1.3745143974991778        10321313.117428539       -12311002.433469191     
   46.307240630792606        37.489706022906795       -1.3798004568902340        10398859.796732033       -12417777.802119955     
   46.521625802455866        37.646173003163199       -1.3851591732826698        10476329.510895757       -12524866.023686236     
   46.736011315534817        37.802348039244961       -1.3905909034261879        10553716.145178391       -12632263.320060901     
   46.950396423072135        37.958227552294680       -1.3960959922560836        10631013.191454435       -12739965.604736647     
   47.164781795785899        38.113809298043066       -1.4016747868420900        10708214.694340849       -12847969.055477148     
   47.379167366061765        38.269090362567994       -1.4073276257597829        10785314.474497030       -12956269.683800086     
   47.593552833278096        38.424067564836136       -1.4130548393096811        10862306.313002415       -13064863.397929255     
   47.807938090616524        38.578737969191259       -1.4188567557041640        10939184.106190467       -13173746.169494996     
   48.022323654813889        38.733099118307152       -1.4247336991548587        11015942.020096757       -13282914.036386272     
   48.236708696591435        38.887147426909571       -1.4306859824636580        11092573.786303433       -13392362.814536003     
   48.451094370373241        39.040881005204291       -1.4367139221348644        11169073.894189719       -13502088.663539123     
   48.665479607726425        39.194296028887699       -1.4428178141740815        11245436.088707549       -13612087.313406598     
   48.879865033460483        39.347390155457596       -1.4489979550479202        11321654.769555574       -13722354.782155558     
   49.094250485938041        39.500160302040705       -1.4552546228163226        11397724.107498560       -13832886.854933439     
   49.308635589397383        39.652603255432375       -1.4615880818503242        11473638.250621404       -13943679.241769575     
   49.523021296024211        39.804716892196545       -1.4679985853063613        11549391.870636415       -14054727.788233137     
   49.737406463562664        39.956497245638047       -1.4744863561664252        11624978.953663791       -14166027.809852142     
   49.951791845213492        40.107942063981092       -1.4810516092419395        11700394.211714419       -14277574.929502156     
   50.166177356876908        40.259048258014474       -1.4876945331851430        11775632.118480926       -14389364.439072523     
   50.380562641506863        40.409812572153740       -1.4944152996800963        11850687.111530256       -14501391.541029245     
   50.594948186138858        40.560232431098100       -1.5012140695604679        11925553.984621236       -14613651.526903030     
   50.809333067765884        40.710304009055669       -1.5080909815448533        12000227.101385182       -14726139.349341720     
   51.023718541543410        40.860025384963215       -1.5150461770188537        12074701.648246862       -14838850.419355655     
   51.238104032607616        41.009393070897602       -1.5220797769076866        12148972.239189539       -14951779.794276861     
   51.452489276240399        41.158403779384734       -1.5291918954065398        12223033.664480845       -15064922.586142413     
   51.666874779527305        41.307054918627642       -1.5363826448836599        12296881.049781376       -15178274.121628340     
   51.881260020047442        41.455343002873406       -1.5436521220167212        12370509.236289680       -15291829.507731913     
   52.095645846936748        41.603265652156338       -1.5510004216536113        12443913.608693721       -15405584.084557455     
   52.310030959248991        41.750818768860270       -1.5584276143802087        12517088.889570065       -15519532.761028424     
   52.524416537948753        41.898000306677872       -1.5659337709835981        12590030.726242730       -15633670.873206107     
   52.738801772703255        42.044806528448149       -1.5735189342592706        12662734.164466040       -15747993.236628365     
   52.953187173676561        42.191234828563267       -1.5811831379086081        12735194.778780248       -15862494.847979400     
   53.167572568413071        42.337282006943887       -1.5889263933931477        12807407.993166784       -15977170.420586552     
   53.381958227670090        42.482945299934990       -1.5967487024194718        12879369.463903245       -16092014.700823052     
   53.596342694050549        42.628220502801092       -1.6046500417463732        12951074.353539847       -16207021.973648412     
   53.810728353263087        42.773106532447741       -1.6126304055388960        13022519.195399577       -16322187.251991440     
   54.025113599518626        42.917599148648399       -1.6206897550812918        13093699.273320124       -16437504.748226592     
   54.239498794393633        43.061695622065926       -1.6288280589838164        13164610.613072006       -16552969.006838530     
   54.453884557662917        43.205393507874746       -1.6370452877926607        13235249.407363955       -16668574.685550055     
   54.668270044748240        43.348689234578458       -1.6453413986995817        13305611.449171130       -16784316.197810244     
   54.882655486969298        43.491580042076357       -1.6537163557591690        13375692.969223116       -16900188.171816278     
   55.097041055386732        43.634063094370063       -1.6621701186682736        13445490.259016566       -17016185.219095081     
   55.311426173009266        43.776135030143870       -1.6707026369005640        13514999.447784878       -17132301.839339744     
   55.525811406123019        43.917793363945414       -1.6793138607437585        13584217.116040064       -17248532.729258712     
   55.740196793868506        44.059035183252142       -1.6880037254093310        13653139.750969047       -17364872.436832894     
   55.954582334026256        44.199857631674362       -1.6967721551931767        13721763.904260559       -17481315.516020697     
   56.168967833578755        44.340257591785189       -1.7056190577025259        13790086.143943800       -17597856.339219358     
   56.383352970619001        44.480231914972066       -1.7145443208110780        13858103.074432982       -17714489.220996279     
   56.597738334347973        44.619778061070448       -1.7235478217514446        13925811.664298501       -17831208.520098459     
   56.812123403735797        44.758892802792644       -1.7326294120373227        13993208.604823139       -17948008.409888778     
   57.026509399956048        44.897574005138502       -1.7417889364252310        14060291.207725752       -18064883.194934107     
   57.240894439154289        45.035817365151196       -1.7510261957228888        14127055.885580115       -18181826.621950328     
   57.455280332675272        45.173621256314732       -1.7603410000664841        14193500.276753139       -18298833.049073845     
   57.669665045358435        45.310981178670772       -1.7697331034903001        14259620.896762719       -18415896.032094646     
   57.884050972689757        45.447895975650937       -1.7792022692858080        14325415.700829526       -18533009.995193422     
   58.098435797376268        45.584360872366119       -1.7887481875198763        14390881.264568582       -18650168.316737320     
   58.312821608750234        45.720374383888320       -1.7983705464927571        14456015.583531938       -18767365.236096647     
   58.527206907000675        45.855932359746149       -1.8080689628979112        14520815.628596311       -18884594.242835455     
   58.741592176450922        45.991032218527373       -1.8178430266234922        14585279.047507122       -19001849.272276785     
   58.955977500828766        46.125670882062195       -1.8276922709057835        14649403.441714909       -19119124.012795754     
   59.170363204901712        46.259845555137488       -1.8376161826487678        14713186.563917380       -19236412.255914789     
   59.384748001633120        46.393552248184463       -1.8476141796675722        14776625.773319921       -19353707.435399637     
   59.599133253663219        46.526788967210322       -1.8576856473357537        14839719.303319097       -19471003.547213435     
   59.813519314189932        46.659552940678225       -1.8678299025705798        14902465.176052082       -19588294.343968056     
   60.027904112511933        46.791839662846556       -1.8780461755735804        14964860.803930117       -19705573.085391939     
   60.242289639451400        46.923647761108569       -1.8883336801717463        15026904.884990623       -19822833.980507080     
   60.456675127233012        47.054973728602604       -1.8986915293954520        15088595.416441929       -19940070.552489057     
   60.671060485062021        47.185814663704114       -1.9091187797196434        15149930.701244403       -20057276.525352657     
   60.885445789148271        47.316167878714388       -1.9196144229721017        15210909.201609420       -20174445.702922620     
   61.099831060805911        47.446030698466984       -1.9301773777089073        15271529.478696361       -20291571.878648516     
   61.314216341397540        47.575400560436329       -1.9408064923601189        15331790.217646336       -20408648.889342163     
   61.528601870004437        47.704275063415587       -1.9515005456152108        15391690.280397942       -20525670.600456823     
   61.742987520281588        47.832651712693462       -1.9622582408959461        15451228.551502293       -20642630.887292825     
   61.957372437767880        47.960527640958645       -1.9730782005408749        15510403.844715772       -20759523.538081076     
   62.171758168071428        48.087901617877804       -1.9839589978934766        15569215.767885692       -20876342.770525862     
   62.386143471829634        48.214770747265504       -1.9948991084664764        15627663.296486348       -20993082.428923644     
   62.600528649693196        48.341133243350974       -2.0058969521517067        15685745.968341257       -21109736.689816084     
   62.814913620624822        48.466987260051603       -2.0169508755462360        15743463.357650284       -21226299.800646249     
   63.029299420821950        48.592331821140469       -2.0280591733837916        15800815.480671568       -21342766.323051412     
   63.243684861682311        48.717164547574420       -2.0392200570038308        15857801.903259398       -21459130.488315828     
   63.458070070785766        48.841484204419402       -2.0504317008200914        15914422.693726014       -21575386.997385532     
   63.672455101354011        48.965289597882297       -2.0616922269721489        15970678.046441421       -21691530.639897071     
   63.886840754334159        49.088580244958486       -2.0729997190459488        16026568.492531588       -21807556.550129153     
   64.101225968261986        49.211354577274641       -2.0843522080083305        16082094.215932684       -21923459.669215079     
   64.315610894819358        49.333611909866704       -2.0957477031683052        16137255.854090039       -22039235.262262505     
   64.529997067766587        49.455352700217333       -2.1071842047224680        16192054.526754985       -22154879.069426067     
   64.744382709210498        49.576575315549000       -2.1186596530394306        16246490.632447647       -22270386.301178865     
   64.958767435305035        49.697279222825856       -2.1301719874213187        16300565.055272710       -22385752.595543440     
   65.173152880116632        49.817465392415620       -2.1417191558059625        16354279.304745222       -22500974.135715060     
   65.387538267593229        49.937133217888110       -2.1532990626208384        16407634.396318395       -22616046.667467430     
   65.601924225390079        50.056283231982356       -2.1649096292171079        16460631.806860710       -22730966.403562419     
   65.816309408208397        50.174914856205653       -2.1765487456646788        16513272.632256564       -22845729.311879683     
   66.030694342620819        50.293028745288908       -2.1882143186468217        16565558.533828503       -22960331.746097431     
   66.245080758999762        50.410626542216477       -2.1999042747908435        16617491.557061184       -23074770.480053835     
   66.459466063569266        50.527707239322588       -2.2116164961473843        16669072.791735843       -23189041.576154172     
   66.673850839779334        50.644271887819457       -2.2233489059210187        16720304.189167716       -23303141.738559585     
   66.888236303691784        50.760322061256332       -2.2350994478393713        16771187.929760769       -23417067.924836144     
   67.102621489343903        50.875858183779350       -2.2468660551385011        16821725.752094172       -23530816.896782715     
   67.317006774515249        50.990881509480388       -2.2586466910430727        16871919.788514711       -23644385.693488333     
   67.531391903741891        51.105393080699486       -2.2704393328730887        16921772.091581490       -23757771.428946760     
   67.745777568991556        51.219394443633831       -2.2822419871900195        16971284.998299696       -23870971.372342147     
   67.960163299695907        51.332886714238725       -2.2940526763970368        17020460.635748338       -23983982.866778892     
   68.174548272030080        51.445870818499984       -2.3058694432188505        17069301.109404650       -24096803.254875235     
   68.388933894058169        51.558349071845363       -2.3176903857320759        17117809.084474575       -24209430.377087358     
   68.603319755560690        51.670322826612292       -2.3295136032449282        17165986.858045924       -24321861.893357459     
   68.817704660457167        51.781792955180521       -2.3413372266617234        17213836.599711571       -24434095.402889799     
   69.032090439187613        51.892762301332290       -2.3531594501946875        17261361.196969826       -24546129.194155030     
   69.246475944070113        52.003231970432445       -2.3649784598004344        17308562.912364908       -24657961.122796562     
   69.460861168321969        52.113203801540976       -2.3767924889886958        17355444.301332403       -24769589.314654425     
   69.675246346175783        52.222679882552228       -2.3885998132722568        17402008.006885007       -24881012.083105046     
   69.889631395909106        52.331662192582513       -2.4003987354146119        17448256.636352830       -24992227.783473141     
   70.104017037160091        52.440153211505020       -2.4121876016299946        17494193.000754543       -25103234.967303831     
   70.318402217452601        52.548154506534679       -2.4239647782490681        17539819.561804473       -25214032.022188656     
   70.532786703539074        52.655668090830048       -2.4357286783090659        17585138.989373930       -25324617.476895507     
   70.747173247770846        52.762698002070216       -2.4474777835252071        17630154.607848898       -25434990.647873294     
   70.961558750479043        52.869244746113189       -2.4592105521361076        17674868.537172750       -25545149.764320109     
   71.175943230827514        52.975310719636383       -2.4709255074601124        17719283.585225862       -25655093.673987038     
   71.390328894007581        53.080899829213308       -2.4826212417104960        17763403.033861026       -25764821.884694017     
   71.604715007557672        53.186014263981335       -2.4942963341375015        17807229.579318952       -25874333.399170712     
   71.819099958717061        53.290655785921800       -2.5059493807703204        17850765.767955322       -25983627.166162517     
   72.033485087429739        53.394828056590093       -2.5175790522873402        17894014.771940719       -26092702.895661235     
   72.247870774496604        53.498534005330519       -2.5291840221257056        17936979.587367151       -26201560.000723332     
   72.462256910068930        53.601776624840788       -2.5407629951839166        17979663.132804275       -26310198.182554856     
   72.676640708921582        53.704557265348711       -2.5523146773188494        18022067.820859414       -26418616.604696285     
   72.891026456969186        53.806881683849646       -2.5638378888614106        18064197.483325701       -26526816.088115040     
   73.105412607407771        53.908752102939161       -2.5753313995728315        18106054.813678097       -26634796.288440395     
   73.319796737853281        54.010170360267402       -2.5867940118881476        18147642.360578023       -26742556.855453700     
   73.534182495560884        54.111141995562754       -2.5982246431892233        18188963.863644801       -26850098.837757554     
   73.748568027658820        54.211669290522664       -2.6096221647676390        18230022.002782606       -26957422.218613051     
   73.962954175787459        54.311756293390864       -2.6209855379819351        18270819.981623318       -27064527.753296446     
   74.177338980526670        54.411405382783514       -2.6323137253165085        18311360.470268987       -27171415.664925676     
   74.391724293135624        54.510621069552876       -2.6436057698644966        18351646.855358962       -27278086.899184018     
   74.606110002737523        54.609406993727546       -2.6548607571126035        18391682.137699228       -27384542.331295304     
   74.820495643977068        54.707766254954969       -2.6660777853918467        18431469.235973183       -27490782.468406506     
   75.034878261243804        54.805700959942172       -2.6772559989699416        18471010.590741027       -27596807.816625793     
   75.249265819300774        54.903219093293288       -2.6883946895892605        18510310.623940729       -27702620.656406667     
   75.463651238499494        55.000320165176511       -2.6994930314748133        18549370.956415489       -27808220.529937308     
   75.678036759654915        55.097009041853973       -2.7105503590627440        18588194.885397192       -27913608.844963402     
   75.892421804804798        55.193288584402701       -2.7215660099928569        18626785.149654415       -28018786.130357239     
   76.106806897530774        55.289162554356061       -2.7325393758761529        18665144.639544304       -28123753.360571735     
   76.321192721789529        55.384634770647310       -2.7434699181727402        18703276.219760831       -28228511.586117182     
   76.535576285824803        55.479706713365744       -2.7543570865233007        18741182.048109841       -28333060.899200745     
   76.749962412289264        55.574384051360688       -2.7652004624794455        18778865.604434971       -28437402.709092982     
   76.964348783561405        55.668668642529987       -2.7759996075650597        18816329.041139498       -28541537.258878540     
   77.178733215944092        55.762562156729501       -2.7867541244640228        18853574.476680689       -28645464.575481735     
   77.393119431151717        55.856069376267769       -2.7974637310098602        18890604.985823803       -28749185.653542485     
   77.607503527463194        55.949190859499183       -2.8081281094238699        18927422.251096025       -28852700.060224056     
   77.821890133455867        56.041931699186939       -2.8187470818448919        18964029.348813310       -28956008.815995879     
   78.036276018061287        56.134292617029836       -2.8293204435908597        19000427.931156192       -29059111.435154360     
   78.250660816097835        56.226275497413106       -2.8398480495783183        19036620.070038524       -29162007.560015939     
   78.465045731528264        56.317883220779223       -2.8503298445011405        19072608.028606199       -29264697.306318689     
   78.679431869877902        56.409118394261846       -2.8607658003961802        19108393.979245171       -29367180.539545950     
   78.893816854766271        56.499981640974234       -2.8711559181791131        19143979.447087213       -29469456.410735685     
   79.108203297216434        56.590476273372076       -2.8815002981697964        19179366.723129299       -29571524.997384541     
   79.322587100641243        56.680601682812522       -2.8917990414720465        19214556.929674666       -29673384.861744739     
   79.536974453529709        56.770362843477400       -2.9020524139085806        19249552.819609016       -29775036.526503142     
   79.751359941635954        56.859758284783062       -2.9122606545468779        19284355.188856401       -29876478.178394783     
   79.965743864741285        56.948789843096861       -2.9224241484991129        19318965.718391959       -29977709.301569894     
   80.180128891528810        57.037460105673389       -2.9325433913635703        19353386.414601803       -30078729.338367846     
   80.394515975683262        57.125770911895877       -2.9426189602518753        19387618.949780319       -30179537.592802152     
   80.608900991421834        57.213721528231993       -2.9526514968356401        19421664.137632549       -30280132.573178902     
   80.823286052697071        57.301314090253392       -2.9626417965885907        19455523.738299221       -30380513.519854587     
   81.037670331409998        57.388549217549794       -2.9725907391119764        19489198.992716912       -30480679.180676479     
   81.252056306603819        57.475429334166243       -2.9824993459508065        19522691.608015042       -30580628.965903040     
   81.466441285824146        57.561953962881759       -2.9923687040710125        19556002.428242695       -30680361.178440418     
   81.680827258380461        57.648125145771196       -3.0022000648506086        19589132.972744871       -30779875.053547017     
   81.895211719766181        57.733942380010369       -3.0119947478701117        19622084.007427908       -30879168.817758709     
   82.109597339192220        57.819407756806100       -3.0217542463419438        19654857.034162953       -30978241.530357059     
   82.323982737352907        57.904521257380672       -3.0314801385350836        19687452.867200736       -31077091.518477388     
   82.538368949299311        57.989283916862028       -3.0411741363834195        19719872.620224997       -31175717.341251515     
   82.752755310917522        58.073695857775654       -3.0508380617099560        19752117.074541114       -31274117.199033335     
   82.967138259434719        58.157755503151598       -3.0604738355461771        19784186.501555245       -31372288.571261555     
   83.181526537969503        58.241467550478731       -3.0700836312176958        19816082.923926137       -31470231.069947343     
   83.395911844749790        58.324827808817481       -3.0796695749660010        19847805.727703277       -31567941.089549966     
   83.610295317459745        58.407836528729270       -3.0892340035499557        19879355.611743305       -31665416.289820362     
   83.824680523338955        58.490495174017042       -3.0987793972797948        19910733.521051496       -31762654.731549539     
   84.039065503884785        58.572802271902397       -3.1083082894840430        19941939.477744106       -31859653.328413721     
   84.253451389799011        58.654757570420777       -3.1178233270096700        19972973.843252558       -31956409.148068856     
   84.467836427290280        58.736358966853096       -3.1273272159559009        20003836.445757911       -32052918.316484675     
   84.682220400176561        58.817605338538918       -3.1368227736580478        20034527.221427914       -32149177.382261921     
   84.896607216298236        58.898497077275486       -3.1463129405945751        20065046.574851178       -32245183.080049526     
   85.110993752794030        58.979030924687954       -3.1558006336073343        20095393.788441785       -32340930.669469699     
   85.325379261248642        59.059204445495055       -3.1652888671194130        20125568.372181289       -32436415.434310794     
   85.539763780890951        59.139015621380295       -3.1747807251609848        20155569.835226834       -32531632.748158023     
   85.754149263845619        59.218462998294051       -3.1842793681098200        20185397.842420958       -32626577.948129613     
   85.968533290631711        59.297542731093223       -3.1937879437621688        20215051.344369773       -32721245.253650345     
   86.182920410020856        59.376254357396526       -3.2033097360078004        20244530.155424114       -32815630.050176561     
   86.397304696293475        59.454591817118626       -3.2128479331183142        20273832.554651622       -32909725.374001991     
   86.611690594848639        59.532554285909754       -3.2224058979186276        20302958.159705762       -33003526.192384422     
   86.826077060419735        59.610138068323209       -3.2319869561755974        20331905.756961226       -33097026.291144051     
   87.040461585457479        59.687338230963753       -3.2415944257802867        20360673.872138463       -33190218.594939105     
   87.254848044032897        59.764153390503971       -3.2512317422986459        20389261.828870952       -33283097.583417162     
   87.469233160930017        59.840578312769708       -3.2609022873009725        20417667.944986001       -33375656.089629702     
   87.683617330560068        59.916609459416549       -3.2706094782193711        20445890.993489850       -33467887.432456452     
   87.898003622877027        59.992244850344591       -3.2803568064273194        20473930.068550743       -33559785.690111130     
   88.112389117269799        60.067479276514568       -3.2901476827212730        20501783.461389586       -33651343.514555685     
   88.326774115469689        60.142309260006648       -3.2999855702393996        20529449.878426373       -33742554.318581358     
   88.541159594755612        60.216731690600824       -3.3098739595013784        20556928.107136089       -33833411.608716503     
   88.755544803729222        60.290742749489283       -3.3198163488774171        20584216.711262193       -33923908.739172019     
   88.969928307197122        60.364337808677412       -3.3298162761837533        20611314.171308573       -34014038.465983264     
   89.184316839649981        60.437516968097000       -3.3398774457930269        20638219.994083252       -34103795.765602589     
   89.398701246780902        60.510272306215938       -3.3500034256095907        20664931.686470725       -34193172.396973006     
   89.613085170931186        60.582601953073834       -3.3601980322563891        20691448.358011525       -34282162.334029645     
   89.827469518294251        60.654503197085091       -3.3704651336676696        20717768.756637584       -34370759.450278029     
   90.041856131019713        60.725972871452058       -3.3808087012148111        20743891.718942326       -34458956.913037583     
   90.256242898149736        60.797006704630924       -3.3912327653285126        20769815.567326140       -34546747.893202908     
   90.470627119515711        60.867599698049084       -3.4017414718928083        20795538.519408509       -34634125.011414193     
   90.685009179110807        60.937748216016040       -3.4123391348244807        20821059.114008497       -34721081.291566357     
   90.899397954772795        61.007452679118998       -3.4230303459457199        20846376.819054313       -34807611.269472443     
   91.113784384268072        61.076704318980418       -3.4338195469674071        20871488.892035868       -34893705.428655192     
   91.328170656836292        61.145499836891318       -3.4447115325939088        20896393.827052653       -34979356.407535262     
   91.542552223601916        61.213832528303364       -3.4557111463975887        20921089.219813455       -35064555.285571821     
   91.756941342055839        61.281702771693055       -3.4668236736429381        20945574.459984452       -35149295.236989424     
   91.971324503604080        61.349098625148244       -3.4780541653744432        20969845.830253061       -35233564.437478423     
   92.185711054597903        61.416018824278112       -3.4894082481465798        20993902.046816856       -35317355.046902075     
   92.400098864730992        61.482455751917371       -3.5008915560678271        21017740.324160814       -35400655.988909230     
   92.614480666763981        61.548398642867674       -3.5125098114820870        21041357.108124331       -35483454.269016318     
   92.828866598284719        61.613844485394857       -3.5242692495944601        21064750.534949563       -35565739.495751247     
   93.043249680037462        61.678781560986202       -3.5361759556794898        21087916.627741199       -35647497.294547297     
   93.257642576862395        61.743206754841907       -3.5482364723008319        21110853.311531998       -35728716.091030046     
   93.472020970980111        61.807099182351905       -3.5604567276901977        21133554.356444065       -35809376.802799828     
   93.686409048036538        61.870459669206340       -3.5728435832822338        21156018.510535758       -35889468.107058398     
   93.900792676098547        61.933270837773776       -3.5854032011255415        21178240.300679140       -35968971.179418087     
   94.115178848273359        61.995524635469849       -3.5981421037495034        21200216.333821159       -36047870.291233696     
   94.329562554684955        62.057207412033833       -3.6110665861389970        21221941.866237890       -36126147.489480555     
   94.543949820050202        62.118309826050094       -3.6241830666128627        21243413.198777985       -36203785.820565559     
   94.758335892953738        62.178817538647728       -3.6374976348330321        21264625.499990001       -36280766.150275677     
   94.972722054581041        62.238718888184387       -3.6510164397392342        21285574.540181115       -36357070.380271465     
   95.187104382157230        62.297999953680161       -3.6647453682760616        21306255.616311204       -36432679.448190294     
   95.401489364739604        62.356651019647124       -3.6786903914005351        21326665.102396835       -36507575.610359989     
   95.615874186800156        62.414659261227982       -3.6928571671748629        21346798.586496785       -36581740.635223106     
   95.830265018922972        62.472015396469509       -3.7072513475191697        21366652.656544544       -36655157.371577978     
   96.044647990970063        62.528701835675726       -3.7218779264903925        21386222.256038465       -36727805.818973832     
   96.259030297266136        62.584711146897050       -3.7367422462054356        21405504.533809993       -36799670.654266700     
   96.473414556762847        62.640034707113550       -3.7518493517216833        21424496.495749671       -36870736.808028221     
   96.687808828195116        62.694666194009990       -3.7672041348642082        21443195.949274715       -36940990.017599024     
   96.902190667299095        62.748588001092884       -3.7828105655545285        21461598.452513918       -37010413.506810792     
   97.116566232546276        62.801795210080144       -3.7986729905372898        21479702.523881830       -37078995.501700670     
   97.330957131319281        62.854291645253831       -3.8147960635759683        21497508.407175027       -37146729.487621754     
   97.545340784516171        62.906063000090356       -3.8311828716365603        21515013.180571619       -37213602.904558659     
   97.759730439976479        62.957111265262569       -3.8478373451530095        21532217.457112577       -37279610.230608620     
   97.974122610127466        63.007433738325098       -3.8647632357231445        21549121.005469941       -37344746.406628735     
   98.188499830792296        63.057022785380425       -3.8819642211279408        21565723.036682609       -37409005.472339720     
   98.402889088437249        63.105890431207733       -3.8994458986553866        21582026.654830568       -37472389.662389286     
   98.617268486308248        63.154029279237129       -3.9172131597211970        21598031.589359228       -37534895.100701496     
   98.831660889898387        63.201451757276551       -3.9352733209390038        21613741.270957064       -37596526.339625850     
   99.046046484323739        63.248153295653090       -3.9536334528896080        21629156.230552256       -37657282.418844692     
   99.260432656671966        63.294140882362917       -3.9723028554193314        21644279.203717962       -37717166.887050137     
   99.474812823840622        63.339415833445671       -3.9912918809032050        21659112.050920691       -37776181.474189669     
   99.689208402745891        63.383992264408285       -4.0106138008418331        21673658.594308242       -37834333.708953574     
   99.903580525794808        63.427857975197753       -4.0302815164582322        21687918.537653562       -37891620.214386187     
   100.11797527262721        63.471036094088568       -4.0503134549568394        21701897.156648073       -37948051.014411971     
   100.33235629373414        63.513514851795541       -4.0707273776147774        21715594.072727092       -38003622.340517104     
   100.54674298846150        63.555305153507348       -4.0915461231756298        21729012.266165856       -38058338.645990171     
   100.76112929952350        63.596405590811415       -4.1127945942007536        21742152.703652732       -38112198.141476735     
   100.97551634472154        63.636816554896512       -4.1345015745108835        21755016.355776884       -38165198.657180391     
   101.18989148443832        63.676531936180901       -4.1566992725906156        21767602.851493418       -38217334.763115488     
   101.40428094550381        63.715557697676068       -4.1794259237870577        21779913.472668022       -38268602.132356383     
   101.61866523498254        63.753881213269153       -4.2027230227463468        21791946.130031954       -38318989.409571648     
   101.83305385802312        63.791497465099120       -4.2266389244568323        21803699.630377695       -38368484.251764059     
   102.04743407695938        63.828390697754919       -4.2512275772922079        21815170.705441184       -38417068.593145117     
   102.26183849647251        63.864559190562218       -4.2765526594561356        21826357.570786450       -38464725.725536563     
   102.47620668784657        63.899962388053197       -4.3026817189326927        21837252.619542677       -38511422.923120782     
   102.69059301372305        63.934600173642579       -4.3296971032560156        21847853.184237447       -38557137.283722758     
   102.90498646741260        63.968444863849953       -4.3576870843702418        21858152.290860076       -38601834.295537733     
   103.11935649662389        64.001457215155099       -4.3867484669836045        21868141.326578435       -38645471.455632217     
   103.33376219384297        64.033631230581406       -4.4169950224348691        21877815.148485642       -38688016.354074039     
   103.54815111310324        64.064914180978803       -4.4485464229229317        21887162.910357237       -38729416.777987681     
   103.76252948884456        64.095274487023033       -4.4815411699192325        21896176.066223808       -38769626.309229493     
   103.97692313871688        64.124686253834611       -4.5161373329970633        21904846.496654831       -38808598.706383757     
   104.19128276883404        64.153093294883504       -4.5525088603560020        21913162.880882155       -38846275.633855969     
   104.40568341658440        64.180486183025366       -4.5908655421769566        21921118.691959776       -38882614.239346318     
   104.62007758715934        64.206808046458221       -4.6314392814608318        21928702.747793060       -38917554.486041412     
   104.83444060549049        64.232009735144985       -4.6745022865587069        21935905.167869005       -38951037.989085235     
   105.04885489207383        64.256082838260411       -4.7203863853705244        21942719.918847676       -38983020.673555009     
   105.26321471256612        64.278948316933324       -4.7694661949642922        21949135.394245036       -39013434.438223779     
   105.47762175597559        64.300605536415958       -4.8222175324276932        21955147.022263750       -39042238.451713175     
   105.69199425489273        64.320986655556652       -4.8791984077875572        21960745.587825868       -39069370.524318971     
   105.90638683215023        64.340074445786840       -4.9411194994407337        21965926.540623490       -39094785.469654158     
   106.12075830169557        64.357819287755348       -5.0088633252863035        21970683.855164606       -39118430.182117090     
   106.33517827316990        64.374212256237456       -5.0835856840909459        21975015.054435547       -39140265.224814162     
   106.54953044370393        64.389178975800078       -5.1667753671075785        21978915.104246695       -39160232.254307032     
   106.76390423015323        64.402721322481455       -5.2604997849308450        21982384.319042441       -39178299.037680127     
   106.97830810868633        64.414813054953484       -5.3676541707894936        21985422.606357075       -39194425.904231653     
